.Random.seed <-
c(403L, 10L, -525559078L, 86711333L, 746099007L, -1805482298L, 
-428635312L, 924283763L, -1520835183L, 26683328L, -1173859938L, 
-72606871L, -859467877L, 1291286186L, 1117110476L, 452903311L, 
-311814715L, -6145668L, -196769326L, 770078029L, -1845925881L, 
-1584543762L, 1115418312L, -1491992117L, 205812777L, -1125227912L, 
2051887014L, -1462613567L, -2136310189L, 1653445890L, -1790831564L, 
-1056512585L, 283904429L, -1042036028L, -1420734742L, -618110635L, 
-87582993L, 461251830L, -866782176L, 248341987L, -1897834879L, 
1880269040L, -46702706L, -1669484295L, -1403372917L, 439327418L, 
-718809668L, -2010857729L, -1648446891L, -1154644628L, -1345303102L, 
156675613L, 1131493015L, 1616183294L, -24876104L, -563918949L, 
-263623175L, 1085058376L, -342103946L, -1573710415L, 1192893411L, 
-237033294L, 1219052804L, 936724039L, -1313107683L, 1449238420L, 
-269745350L, 1736036229L, -987079585L, 1350309606L, 981376368L, 
304817811L, 767065905L, -972634656L, -725376386L, 1968410889L, 
272446267L, 1320880906L, 661603052L, -49102993L, -1615208283L, 
-249050532L, -1577326030L, 1238122797L, -791689241L, 1831522062L, 
-210050840L, -2086563093L, 1951513481L, 1363961624L, 1661233734L, 
1134332577L, -432607949L, 801420450L, -1736918124L, 682000919L, 
-193853939L, 1001825060L, -175399158L, 167654005L, -1520651825L, 
511212246L, 100245120L, 65110211L, -608477599L, -1707534640L, 
-2043170770L, -1917864487L, 1160137195L, 1725119578L, -1255430628L, 
638994207L, -1688806539L, -951369204L, -1824418846L, 1927430333L, 
-1794773193L, -504244258L, 199566616L, -954759045L, 902278681L, 
163235496L, -2094480298L, 1707442385L, 857513091L, 599637778L, 
76647076L, 1836111463L, -1256536131L, -1085040332L, 1534565018L, 
1718180069L, 1893894783L, -112389114L, 1824278416L, 2070153779L, 
1528226257L, 1497891712L, -580231586L, -558078551L, -534125477L, 
-1764344726L, -285760244L, -1814993073L, -985426939L, -1922061636L, 
517020562L, -235415411L, -1181032761L, -690243666L, -1726176760L, 
844727819L, -952709399L, -618313288L, -1368971674L, 908534529L, 
897803667L, -981746110L, -1303805452L, -1012016137L, -89759763L, 
1924130948L, 661720746L, -2041437163L, 892122287L, 1519925942L, 
-2102134560L, -229669853L, -840549567L, -1530059216L, -1564478386L, 
-1695376199L, -1282189109L, 183477626L, -1032972164L, -1521685313L, 
1533618581L, -1464294996L, 359551874L, 291543389L, -917465001L, 
-173781186L, 627275640L, -766731173L, -161657927L, 689617416L, 
157393078L, 886364145L, -1550613981L, -1413174670L, 136163524L, 
181884551L, -1542500771L, 2038902868L, 566481530L, 1582164421L, 
788667167L, -125004122L, -391837648L, -1344349485L, -910249743L, 
-316294112L, -984536386L, -1819205943L, -857932677L, -1445703094L, 
120678060L, 1721983407L, 2009401701L, -1802692836L, -1624073358L, 
-1244547091L, -30361561L, -425377714L, 1716036776L, 854575787L, 
1563983817L, -997829672L, -880184698L, 810099553L, -1652578573L, 
709679458L, 1631938516L, 2006340311L, 887355597L, 260477028L, 
880508490L, -1941869643L, -164260081L, -58465924L, -355410668L, 
600918338L, 1310163712L, -2071569476L, -1518367920L, -309190366L, 
-1337782968L, -1126311924L, 2015967324L, -1962322734L, -1802991616L, 
191794004L, -816041496L, -1489131526L, 137324240L, -912747220L, 
-714483468L, -2098309230L, 1340607584L, 792431884L, 461268704L, 
1692970338L, 391840424L, 1876077132L, 612042620L, -877901006L, 
-1584755088L, -2135696060L, 994487256L, 1711235194L, 2116671024L, 
-207824196L, 593426260L, -635733438L, -135406688L, -743974724L, 
-1710722608L, -1390885534L, -430251032L, -904099892L, 1160546044L, 
-1237405710L, -792920960L, -507647756L, 1623962760L, -401787590L, 
70656848L, -1551487892L, -1248980844L, 1709009234L, -1577648416L, 
-1543716660L, 581032096L, -948823678L, -307914520L, -706410260L, 
648022076L, 231956594L, 1928906864L, 666591780L, -361233864L, 
-1421207014L, -303333168L, -1698625988L, -584766316L, -1547877246L, 
-445937728L, 836762940L, -1454739824L, 1155761186L, 1517645832L, 
-1287791476L, -1636511716L, 21714066L, -250729344L, 1522025492L, 
328803112L, -1772153798L, 886279376L, -459467668L, -1677293900L, 
-1614721006L, -1870766112L, -656200756L, 1580555744L, 401939490L, 
-2025052888L, 309614860L, -433459652L, -1170590478L, -1042929424L, 
-1195448508L, -1611607976L, -494976454L, -67929872L, -1443736900L, 
-632849900L, -1212617534L, -1848252832L, 873919868L, -1948748592L, 
-771382238L, 970418344L, -137441908L, 2037109180L, 765990962L, 
-98368704L, -2110386508L, -203005624L, -2106907974L, 1214021392L, 
-864329492L, -663705516L, -733214958L, 165978528L, 1433069516L, 
382271328L, 1685314754L, -1702728152L, -248047188L, -1559674052L, 
1849742194L, -1202106576L, 334225444L, -627593672L, -22523174L, 
1655043984L, 346584316L, -55378540L, 1832006466L, 311216640L, 
947128380L, -1032637872L, 1090023586L, -1935613112L, -1633514996L, 
156826332L, -2129547182L, 1169575040L, -919763116L, 1427779560L, 
-1723399430L, 372361040L, 2066687020L, 1030543732L, -1041199470L, 
1817748064L, -363188084L, -601280160L, -1946150686L, 469699752L, 
-195115316L, -1102833156L, 1187036082L, 1102218224L, -942419516L, 
141675864L, -1114955398L, -1496034896L, 1106930108L, 1202273876L, 
809802178L, -810065120L, -290720836L, 947384400L, -1856963614L, 
2063998824L, -1062766772L, 212872956L, -1332529422L, -1999815424L, 
-1894355852L, 1730481672L, 1810884026L, 835646928L, 783464428L, 
-2088588396L, -64272174L, 49103968L, 969493836L, 1480397600L, 
-1985308030L, -1872789016L, 269196268L, -676102596L, -1411643790L, 
125438832L, 462404900L, -145319368L, -574180966L, -1475711536L, 
1819010492L, -1257574764L, 1656005250L, 500743616L, -848324804L, 
448172688L, -413321438L, 365000200L, -1564105972L, 1278993308L, 
-676439022L, 1568942976L, 475396884L, -689474264L, 1825935418L, 
284558288L, -2043643284L, 553897012L, -1044721518L, 779221344L, 
1710103884L, -1238362656L, 1492851618L, 812989352L, -19555188L, 
-926239812L, -1871387534L, -1247696912L, 512279620L, -1038833576L, 
238542906L, -325212048L, 1008279100L, 57337620L, -151139646L, 
243849098L, -1893935192L, -780804847L, 358048771L, 406441732L, 
-1583914190L, 1579909511L, -1906710575L, 566610262L, 1126410036L, 
587205189L, -781879665L, -2039013368L, -2067790810L, 1318427859L, 
730693173L, 1281799570L, -1841182368L, 241725641L, 395150331L, 
-150281268L, 314809946L, -1768193201L, 794303001L, -306784210L, 
448927292L, 1677192109L, -1508031401L, 1246540192L, 1419987710L, 
-732042805L, 276877261L, 1730986746L, 626440504L, 1277002465L, 
-411630189L, 1305537972L, -1698042174L, 992100055L, -488657119L, 
1668908774L, 1325072356L, 952839957L, -1848244417L, 1971720920L, 
1461671670L, 376586499L, 821609029L, 1453576802L, -913026608L, 
-883986695L, -1201886165L, 1016589212L, 714638282L, 75906239L, 
-395928055L, 1200314142L, 744513228L, -477880675L, 832166695L, 
-927124144L, -1725514770L, 509740187L, -1064341763L, 735163882L, 
-1957804408L, 674664497L, -2032735581L, -2106142044L, -1635728558L, 
-1207252313L, 340309745L, 1002346038L, -46073132L, -637956507L, 
-1294091153L, -603535704L, 1145160710L, 214683955L, 953109909L, 
394912242L, -1318072768L, 2017341353L, -2128350693L, 373197804L, 
1716407290L, -566777809L, -6608839L, -141772210L, -228156772L, 
1646133261L, -156377993L, 260242560L, -2012726562L, 1001744811L, 
-487284051L, 994539290L, -2035931176L, 1589060673L, -1633586445L, 
-848874220L, -1754767198L, 1970355639L, 2030514561L, 977340294L, 
904160708L, -1156238091L, -749683361L, 1263235000L, -936238442L, 
1864961187L, 1087096421L, 439133058L, -999194384L, 1776642201L, 
615448715L, -1316460164L, 1860687786L, -1226536993L, -1018608279L, 
1276860798L, -1562695316L, -1199746627L, -345169273L, -223971728L, 
-495461106L, 1131209275L, 825764125L, -1780114486L, -370879256L, 
-1414789167L, 1711315395L, -1457634620L, -93396622L, -548664249L, 
-882253807L, 869665174L, 1074654452L, 2037630597L, 1898041295L, 
40574664L, 1558763366L, 1190235539L, 427429621L, -2135601454L, 
60897568L, 124573961L, 756583995L, 1571660684L, -1490509286L, 
